# bezier_udp_2
# written by John Dannenhoffer

UDPARG    bezier    debug     0
UDPRIM    bezier    filename  <<
    7    4

   1.00000   1.00000   0.00000
   1.00000   1.00000   0.55228
   1.00000   0.55228   1.00000
   1.00000   0.00000   1.00000
   1.00000  -0.55228   1.00000
   1.00000  -1.00000   0.55228
   1.00000  -1.00000   0.00000

   2.00000   1.00000   0.00000
   2.00000   1.00000   0.55228
   2.00000   0.55228   1.00000
   2.00000   0.00000   1.00000
   2.00000  -0.55228   1.00000
   2.00000  -1.00000   0.55228
   2.00000  -1.00000   0.00000

   4.00000   1.00000   0.00000
   4.00000   1.00000   0.55228
   4.00000   0.55228   1.00000
   4.00000   0.00000   1.00000
   4.00000  -0.55228   1.00000
   4.00000  -1.00000   0.55228
   4.00000  -1.00000   0.00000

   5.00000   1.00000   0.00000
   5.00000   1.00000   0.55228
   5.00000   0.55228   1.00000
   5.00000   0.00000   1.00000
   5.00000  -0.55228   1.00000
   5.00000  -1.00000   0.55228
   5.00000  -1.00000   0.00000
>>
ASSERT    @@imax  7
ASSERT    @@jmax  4
TRANSLATE -8 4 0

UDPARG    bezier    debug     0
UDPRIM    bezier    filename  <<
   13    4
   
   1.00000   1.00000   0.00000
   1.00000   1.00000   0.55228
   1.00000   0.55228   1.00000
   1.00000   0.00000   1.00000
   1.00000  -0.55228   1.00000
   1.00000  -1.00000   0.55228
   1.00000  -1.00000   0.00000
   1.00000  -1.00000  -0.55228
   1.00000  -0.55228  -1.00000
   1.00000   0.00000  -1.00000
   1.00000   0.55228  -1.00000
   1.00000   1.00000  -0.55228
   1.00000   1.00000   0.00000

   2.00000   1.00000   0.00000
   2.00000   1.00000   0.55228
   2.00000   0.55228   1.00000
   2.00000   0.00000   1.00000
   2.00000  -0.55228   1.00000
   2.00000  -1.00000   0.55228
   2.00000  -1.00000   0.00000
   2.00000  -1.00000  -0.55228
   2.00000  -0.55228  -1.00000
   2.00000   0.00000  -1.00000
   2.00000   0.55228  -1.00000
   2.00000   1.00000  -0.55228
   2.00000   1.00000   0.00000

   4.00000   1.00000   0.00000
   4.00000   1.00000   0.55228
   4.00000   0.55228   1.00000
   4.00000   0.00000   1.00000
   4.00000  -0.55228   1.00000
   4.00000  -1.00000   0.55228
   4.00000  -1.00000   0.00000
   4.00000  -1.00000  -0.55228
   4.00000  -0.55228  -1.00000
   4.00000   0.00000  -1.00000
   4.00000   0.55228  -1.00000
   4.00000   1.00000  -0.55228
   4.00000   1.00000   0.00000

   5.00000   1.00000   0.00000
   5.00000   1.00000   0.55228
   5.00000   0.55228   1.00000
   5.00000   0.00000   1.00000
   5.00000  -0.55228   1.00000
   5.00000  -1.00000   0.55228
   5.00000  -1.00000   0.00000
   5.00000  -1.00000  -0.55228
   5.00000  -0.55228  -1.00000
   5.00000   0.00000  -1.00000
   5.00000   0.55228  -1.00000
   5.00000   1.00000  -0.55228
   5.00000   1.00000   0.00000
>>
ASSERT    @@imax 13
ASSERT    @@jmax  4
TRANSLATE -8 0 0

UDPARG    bezier    debug     0
UDPRIM    bezier    filename  <<
    7   10

   0.00000   0.00000   0.00000
   0.00000   0.00000   0.00000
   0.00000   0.00000   0.00000
   0.00000   0.00000   0.00000
   0.00000   0.00000   0.00000
   0.00000   0.00000   0.00000
   0.00000   0.00000   0.00000

   0.00000   0.55228   0.00000
   0.00000   0.55228   0.30501
   0.00000   0.30501   0.55228
   0.00000   0.00000   0.55228
   0.00000  -0.30501   0.55228
   0.00000  -0.55228   0.30501
   0.00000  -0.55228   0.00000

   0.55228   1.00000   0.00000
   0.55228   1.00000   0.55228
   0.55228   0.55228   1.00000
   0.55228   0.00000   1.00000
   0.55228  -0.55228   1.00000
   0.55228  -1.00000   0.55228
   0.55228  -1.00000   0.00000

   1.00000   1.00000   0.00000
   1.00000   1.00000   0.55228
   1.00000   0.55228   1.00000
   1.00000   0.00000   1.00000
   1.00000  -0.55228   1.00000
   1.00000  -1.00000   0.55228
   1.00000  -1.00000   0.00000

   2.00000   1.00000   0.00000
   2.00000   1.00000   0.55228
   2.00000   0.55228   1.00000
   2.00000   0.00000   1.00000
   2.00000  -0.55228   1.00000
   2.00000  -1.00000   0.55228
   2.00000  -1.00000   0.00000

   4.00000   1.00000   0.00000
   4.00000   1.00000   0.55228
   4.00000   0.55228   1.00000
   4.00000   0.00000   1.00000
   4.00000  -0.55228   1.00000
   4.00000  -1.00000   0.55228
   4.00000  -1.00000   0.00000

   5.00000   1.00000   0.00000
   5.00000   1.00000   0.55228
   5.00000   0.55228   1.00000
   5.00000   0.00000   1.00000
   5.00000  -0.55228   1.00000
   5.00000  -1.00000   0.55228
   5.00000  -1.00000   0.00000

   6.00000   1.00000   0.00000
   6.00000   1.00000   0.55228
   6.00000   0.55228   1.00000
   6.00000   0.00000   1.00000
   6.00000  -0.55228   1.00000
   6.00000  -1.00000   0.55228
   6.00000  -1.00000   0.00000

   8.00000   0.25000   0.00000
   8.00000   0.25000   0.13807
   8.00000   0.13807   0.25000
   8.00000   0.00000   0.25000
   8.00000  -0.13807   0.25000
   8.00000  -0.25000   0.13807
   8.00000  -0.25000   0.00000

   9.00000   0.00000   0.00000
   9.00000   0.00000   0.00000
   9.00000   0.00000   0.00000
   9.00000   0.00000   0.00000
   9.00000   0.00000   0.00000
   9.00000   0.00000   0.00000
   9.00000   0.00000   0.00000
>>
ASSERT    @@imax  7
ASSERT    @@jmax 10
TRANSLATE 0 4 0

UDPARG    bezier    debug     0
UDPRIM    bezier    filename  <<
   13   10

   0.00000   0.00000   0.00000
   0.00000   0.00000   0.00000
   0.00000   0.00000   0.00000
   0.00000   0.00000   0.00000
   0.00000   0.00000   0.00000
   0.00000   0.00000   0.00000
   0.00000   0.00000   0.00000
   0.00000   0.00000   0.00000
   0.00000   0.00000   0.00000
   0.00000   0.00000   0.00000
   0.00000   0.00000   0.00000
   0.00000   0.00000   0.00000
   0.00000   0.00000   0.00000

   0.00000   0.55228   0.00000
   0.00000   0.55228   0.30501
   0.00000   0.30501   0.55228
   0.00000   0.00000   0.55228
   0.00000  -0.30501   0.55228
   0.00000  -0.55228   0.30501
   0.00000  -0.55228   0.00000
   0.00000  -0.55228  -0.30501
   0.00000  -0.30501  -0.55228
   0.00000   0.00000  -0.55228
   0.00000   0.30501  -0.55228
   0.00000   0.55228  -0.30501
   0.00000   0.55228   0.00000

   0.55228   1.00000   0.00000
   0.55228   1.00000   0.55228
   0.55228   0.55228   1.00000
   0.55228   0.00000   1.00000
   0.55228  -0.55228   1.00000
   0.55228  -1.00000   0.55228
   0.55228  -1.00000   0.00000
   0.55228  -1.00000  -0.55228
   0.55228  -0.55228  -1.00000
   0.55228   0.00000  -1.00000
   0.55228   0.55228  -1.00000
   0.55228   1.00000  -0.55228
   0.55228   1.00000   0.00000

   1.00000   1.00000   0.00000
   1.00000   1.00000   0.55228
   1.00000   0.55228   1.00000
   1.00000   0.00000   1.00000
   1.00000  -0.55228   1.00000
   1.00000  -1.00000   0.55228
   1.00000  -1.00000   0.00000
   1.00000  -1.00000  -0.55228
   1.00000  -0.55228  -1.00000
   1.00000   0.00000  -1.00000
   1.00000   0.55228  -1.00000
   1.00000   1.00000  -0.55228
   1.00000   1.00000   0.00000

   2.00000   1.00000   0.00000
   2.00000   1.00000   0.55228
   2.00000   0.55228   1.00000
   2.00000   0.00000   1.00000
   2.00000  -0.55228   1.00000
   2.00000  -1.00000   0.55228
   2.00000  -1.00000   0.00000
   2.00000  -1.00000  -0.55228
   2.00000  -0.55228  -1.00000
   2.00000   0.00000  -1.00000
   2.00000   0.55228  -1.00000
   2.00000   1.00000  -0.55228
   2.00000   1.00000   0.00000

   4.00000   1.00000   0.00000
   4.00000   1.00000   0.55228
   4.00000   0.55228   1.00000
   4.00000   0.00000   1.00000
   4.00000  -0.55228   1.00000
   4.00000  -1.00000   0.55228
   4.00000  -1.00000   0.00000
   4.00000  -1.00000  -0.55228
   4.00000  -0.55228  -1.00000
   4.00000   0.00000  -1.00000
   4.00000   0.55228  -1.00000
   4.00000   1.00000  -0.55228
   4.00000   1.00000   0.00000

   5.00000   1.00000   0.00000
   5.00000   1.00000   0.55228
   5.00000   0.55228   1.00000
   5.00000   0.00000   1.00000
   5.00000  -0.55228   1.00000
   5.00000  -1.00000   0.55228
   5.00000  -1.00000   0.00000
   5.00000  -1.00000  -0.55228
   5.00000  -0.55228  -1.00000
   5.00000   0.00000  -1.00000
   5.00000   0.55228  -1.00000
   5.00000   1.00000  -0.55228
   5.00000   1.00000   0.00000

   6.00000   1.00000   0.00000
   6.00000   1.00000   0.55228
   6.00000   0.55228   1.00000
   6.00000   0.00000   1.00000
   6.00000  -0.55228   1.00000
   6.00000  -1.00000   0.55228
   6.00000  -1.00000   0.00000
   6.00000  -1.00000  -0.55228
   6.00000  -0.55228  -1.00000
   6.00000   0.00000  -1.00000
   6.00000   0.55228  -1.00000
   6.00000   1.00000  -0.55228
   6.00000   1.00000   0.00000

   8.00000   0.25000   0.00000
   8.00000   0.25000   0.13807
   8.00000   0.13807   0.25000
   8.00000   0.00000   0.25000
   8.00000  -0.13807   0.25000
   8.00000  -0.25000   0.13807
   8.00000  -0.25000   0.00000
   8.00000  -0.25000  -0.13807
   8.00000  -0.13807  -0.25000
   8.00000   0.00000  -0.25000
   8.00000   0.13807  -0.25000
   8.00000   0.25000  -0.13807
   8.00000   0.25000   0.00000

   9.00000   0.00000   0.00000
   9.00000   0.00000   0.00000
   9.00000   0.00000   0.00000
   9.00000   0.00000   0.00000
   9.00000   0.00000   0.00000
   9.00000   0.00000   0.00000
   9.00000   0.00000   0.00000
   9.00000   0.00000   0.00000
   9.00000   0.00000   0.00000
   9.00000   0.00000   0.00000
   9.00000   0.00000   0.00000
   9.00000   0.00000   0.00000
   9.00000   0.00000   0.00000
>>
ASSERT    @@imax 13
ASSERT    @@jmax 10

end
